33.967890
26.973032
34.375665
29.476676
31.485484
32.722184
30.487048
26.847260
26.080463
31.525157
31.315565
28.973790
28.077706
31.390882
29.301511
30.581673
28.500390
32.525717
32.635408
34.226193
29.201241
29.990167
27.828594
31.833071
30.626913
33.318259
30.399056
33.625933
28.754924
29.223200
35.714075
29.625126
31.540792
27.935789
27.208103
31.338813
32.747058
30.085670
23.859876
29.017716
33.619240
30.578458
25.410912
31.612442
27.475989
30.160051
29.003592
29.042027
31.712474
27.064879
25.439983
29.741181
31.402677
34.030781
28.345429
32.334311
28.865639
27.815572
30.484212
29.574328
28.785640
33.379248
29.813939
25.940840
33.519599
28.170667
30.861164
34.523200
28.529286
30.296424
25.859349
33.375024
25.539696
29.497953
31.677204
35.729430
30.738511
31.640049
26.999203
26.983457
31.302918
32.946613
27.029969
28.566909
28.148900
29.612045
25.580105
27.372671
29.099610
33.894588
25.570399
27.744064
23.922238
31.156211
34.760567
29.499308
30.033073
27.702778
33.252752
26.982946
32.047917
29.854868
24.988902
34.091553
26.716753
26.832633
31.460665
33.007905
31.761425
27.719726
31.459635
32.841782
30.641656
25.639135
31.604178
30.425779
25.933992
29.090322
29.447775
28.476777
33.468522
28.250416
30.958243
32.849261
33.441526
28.265798
30.576788
27.949651
32.544899
33.230483
30.517608
28.850472
31.943578
26.840042
30.437264
27.126834
27.554249
33.835487
29.716609
31.271769
27.736482
31.076313
29.140307
28.360003
34.949140
30.896320
29.050539
29.278736
30.450934
25.124349
32.135623
31.302117
28.771731
26.630999
32.471712
29.782464
31.463636
29.627425
30.815817
26.388201
29.107757
30.232635
33.825708
29.505505
29.355713
32.424929
26.083023
26.615982
32.247167
27.352164
29.111809
33.292611
34.533950
35.240455
30.283322
29.792860
31.897666
29.610779
33.599476
28.330022
24.397701
32.331682
30.152713
30.715640
25.884969
28.566120
33.274571
24.298667
28.940367
29.549484
31.162934
28.061284
29.208544
30.099583
30.519988
28.859118
33.152282
28.441779
33.117519
32.651075
34.349092
28.875151
28.563988
31.135667
34.026736
33.811078
22.254978
31.596343
31.941652
27.506876
32.732630
31.708003
32.117865
27.993960
31.426665
30.117613
31.183099
32.689387
28.098003
30.443457
30.195051
32.284684
27.587134
31.699315
33.003560
28.447399
26.060549
29.508261
27.117321
35.602696
30.430861
33.956103
26.665353
31.824389
24.488772
24.623948
27.687889
30.143832
32.140082
29.287487
29.027465
31.532941
27.311401
30.017943
30.609831
27.960815
29.080621
33.598491
28.896924
27.227936
36.728818
30.578170
28.829229
27.536144
27.125001
31.791166
27.959013
30.503569
31.143811
26.867691
33.522018
29.090675
32.944588
30.637502
28.968714
25.620335
32.636491
27.188648
28.810690
29.004049
30.834249
35.628114
26.243434
30.382418
30.760121
30.027603
30.193890
35.238912
32.635079
27.963634
27.255160
27.328212
36.649065
27.538055
33.455754
27.473902
30.508344
24.990299
29.923357
29.813821
32.150259
35.182397
29.677132
28.173150
32.496420
30.116114
32.074844
31.152739
33.503364
28.608849
27.569641
32.205520
27.939481
33.555083
28.192381
26.812827
31.252222
27.737773
26.981247
27.041401
28.397500
25.765889
34.312022
28.871167
31.285708
29.456739
29.628259
28.437958
31.806457
32.561187
29.974555
28.801705
29.541450
35.402541
26.682056
33.698063
31.575751
32.496940
31.222984
32.328797
29.535345
22.118839
32.899315
33.887248
35.218282
36.885491
30.873303
35.179833
34.181742
32.046156
28.335646
26.446506
29.203407
26.536810
30.732689
26.065473
30.412728
31.987770
33.344908
31.296304
32.507210
30.647777
25.963670
30.239311
28.865700
29.779198
28.528681
28.854837
33.454423
31.491277
28.159444
27.522001
28.609347
33.669268
31.807692
27.246618
28.191540
32.174394
31.569391
34.865522
27.023388
31.794296
32.317555
30.143512
29.564502
34.504214
34.844365
29.661638
30.120045
32.619681
25.333563
29.855587
31.998842
29.907077
31.476999
27.883586
34.534966
31.799421
30.506834
24.841906
29.737386
32.496997
21.093049
32.524027
33.304813
25.785693
28.388409
29.882832
32.406408
27.488059
28.410958
27.880521
31.808761
30.281732
25.633163
27.632254
31.100708
34.831383
28.095846
28.783844
32.639200
27.512248
32.014365
31.375125
31.569823
29.210393
28.666802
32.684698
27.908005
32.987483
32.405179
29.782821
24.439236
31.337041
29.147031
27.613272
26.364254
31.476074
31.540688
26.094499
34.078669
30.414659
32.042739
31.536633
26.755179
35.288715
27.388887
30.867736
28.857935
29.235662
29.342862
34.570238
29.920735
34.000151
33.458507
30.671970
26.531430
27.005408
28.910939
28.782675
28.593086
27.942071
26.467167
29.859844
27.087643
32.446195
29.987366
30.100672
32.608310
25.898796
30.910658
35.203614
31.237096
34.427222
27.202591
27.512643
31.480000
31.495247
27.403726
30.370942
25.231847
23.693825
32.252446
30.025059
32.033357
28.744299
29.966203
33.305231
28.283174
31.562296
32.134235
29.815726
31.865029
28.266096
32.110962
26.519698
31.467038
28.185276
24.392616
32.100673
29.304683
28.523335
32.339208
29.642060
28.782450
31.534550
28.768927
32.046740
30.124221
27.357827
23.300199
34.682287
28.418978
32.470074
27.642028
27.288763
31.689534
27.734471
25.156368
26.758290
28.912977
29.820193
28.256806
31.198574
27.120734
27.459957
28.949051
31.346444
29.335715
32.137806
28.107313
29.023652
27.889385
30.377268
30.006269
34.047359
33.266733
31.133383
29.028856
29.520607
31.015791
24.411865
30.490962
31.824201
33.042977
30.190458
32.372522
25.825695
32.138662
32.298377
33.768466
31.897668
27.521670
28.784536
32.350588
29.129520
31.684861
31.158925
32.368795
33.172001
31.642878
31.589027
29.834044
29.442513
31.545128
33.158225
26.174035
30.997569
35.205966
32.462452
35.061438
31.510010
34.131111
33.152887
27.747608
26.333066
28.775124
35.891465
30.101282
28.909429
26.945110
29.056361
29.374308
31.078634
34.092476
28.761381
28.763190
29.631126
30.645822
29.885498
25.415226
31.880779
31.000354
34.217319
30.174210
28.828207
31.611024
28.590236
35.718970
24.889424
30.075936
35.333912
35.309390
30.409956
27.922844
29.904464
28.158833
27.816984
32.462190
31.952106
32.907950
32.172804
30.058920
29.277812
29.315077
31.813484
28.256482
29.102944
26.033194
32.007212
24.059563
31.577305
33.676156
30.880371
27.842264
31.426765
29.333452
29.809559
35.417373
36.255011
30.755135
30.786149
31.925939
34.250834
29.493774
21.923166
31.465624
28.338847
28.287799
32.054811
32.456954
31.113159
33.564729
28.841493
32.682928
28.666041
32.290164
35.237523
31.508633
30.452287
30.607242
34.384106
35.629112
31.150002
30.442902
29.253330
27.839859
30.537020
27.026236
29.675985
33.679872
31.926118
33.483473
27.947247
27.612464
27.849016
27.023777
30.908328
28.996466
25.867183
33.938942
32.951207
32.203983
29.477461
27.609565
29.482553
27.949736
31.948262
26.588955
35.467278
26.142058
29.652995
31.110295
29.721706
29.208646
31.870292
32.481183
31.173989
30.829335
24.119139
27.646792
31.419147
30.254157
23.735754
28.726108
29.867498
30.361941
28.719486
31.661015
24.921134
30.677190
33.013167
28.665059
29.638044
28.683189
31.316081
27.360467
32.061134
29.136297
32.642244
30.690009
27.233757
33.976263
30.664271
27.775173
32.245845
32.056325
24.703250
30.539830
30.016814
29.525200
28.889663
26.802053
28.546754
29.205782
28.605150
31.921277
32.348909
29.725349
29.197297
29.827825
28.734550
25.789945
29.840775
31.431015
26.873776
28.726844
31.444729
31.118974
28.843748
24.542085
31.384739
32.862443
27.886529
30.394481
33.794994
28.360261
31.545151
31.338619
30.462637
23.152969
27.355200
29.729008
32.925427
29.704381
26.351857
24.548408
32.112266
33.999636
28.268582
29.538136
31.353884
31.420841
29.882102
34.210301
28.048205
32.278497
28.578416
26.774172
31.359169
29.354770
34.214504
32.252645
28.095820
33.664982
30.887595
30.605088
31.825708
31.774074
28.538920
30.589200
33.279074
30.004116
26.690038
26.194043
29.227485
33.956208
29.990497
27.426170
27.144578
30.603500
33.198501
36.263132
27.996356
30.345228
33.275385
29.997584
28.442832
30.068235
28.531514
27.614562
26.614822
26.917015
32.107657
32.800242
31.376339
25.460561
28.442754
31.208964
33.481398
30.397910
30.677745
32.539218
31.063463
32.550080
32.468686
31.592622
33.227942
31.021460
28.616534
31.281706
25.904148
28.043092
27.832855
31.832918
30.867580
26.713094
32.002493
36.027786
32.290642
28.076312
30.626214
26.028473
32.674887
27.379384
30.216103
33.251637
33.148130
30.809950
29.728635
28.620440
28.168248
35.374161
30.894818
27.292001
28.807128
27.501874
26.691560
27.779734
34.106371
33.711703
32.268884
29.732091
28.027455
32.842112
24.980930
26.890555
30.479554
30.497082
28.201532
31.047582
33.436333
32.606313
29.935326
33.476094
28.171555
30.136003
22.560418
33.501467
28.550767
29.941655
30.364509
30.955878
32.073525
28.730873
28.708902
29.736143
34.171335
29.791038
31.027449
27.301363
33.013794
29.231171
25.827335
30.002589
32.397701
33.033639
29.247375
34.276861
28.874368
33.456728
30.600221
30.208086
29.936236
29.641521
26.953763
27.672205
30.407277
33.415857
28.950994
28.861048
34.363478
31.854205
28.237224
28.882109
30.763215
27.319489
32.363262
32.026590
26.827014
28.667680
27.113939
29.606662
30.199210
33.985922
26.179130
30.803035
30.595723
28.506992
29.180061
32.780606
28.435556
30.222641
36.142426
34.507005
29.135602
29.074138
32.873213
26.318377
28.960442
29.259575
30.206894
28.762528
28.335518
32.491902
30.786810
29.285995
32.495761
24.807668
30.325728
25.594264
27.298057
25.595402
27.112712
37.774812
26.370963
31.410109
29.880287
31.253876
29.034695
32.295337
26.762814
25.647043
34.940413
31.551543
28.165555
32.447246
29.453204
27.125621
30.922522
29.038513
30.710427
32.255686
27.173919
35.004441
32.942602
29.562751
30.534823
27.825449
30.930011
33.309491
28.612800
30.702751
31.131029
29.413761
29.853024
30.787439
30.791344
30.694644
28.915696
29.225337
34.183882
30.850234
29.379321
25.672836
25.707437
31.388298
32.446362
27.896072
29.064604
29.524213
27.189614
34.457786
30.281006
34.815521
28.912572
27.158283
31.685732
30.174382
28.303917
32.061390
27.322219
29.434600
31.167050
24.317738
31.659331
28.879835
32.618336
33.104998
30.949056
31.772331
28.548714
29.924793
30.745579
30.206160
26.080524
28.198576
28.550996
32.486911
34.154188
24.872491
27.217031
32.225735
28.932127
34.040156
34.063215
28.840305
32.503985
32.003700
32.511212
29.309853
32.047459
24.589701
33.597909
29.055062
32.872884
28.858689
29.068810
33.511553
28.687522
24.071001
33.615052
30.507763
32.681964
27.285115
27.932302
32.041298
27.618831
31.332537
27.014059
32.396638
30.800887
31.621029
28.823825
25.248130
30.906916
28.069925
28.290451
27.743417
30.449457
30.236837
30.908683
31.741856
27.253141
31.161309
29.036209
32.557067
34.850122
32.297163
29.413525
33.158849
29.864770
30.689031
27.061790
34.679747
27.593406
30.490965
30.991481
28.674647
28.339536
31.487581
29.949289
26.946627
28.674510
33.710192
29.436203
28.471830
29.473366
33.386894
31.177797
34.444214
28.860307
35.454671
33.890627
32.892602
25.634604
29.723573
29.883972
28.885482
33.315931
35.073117
30.667592
30.509023
28.791902
31.871512
29.426400
28.250258
33.989592
30.752397
33.212449
32.860973
30.045419
28.800006
29.788234
27.372245
25.856782
31.887307
19.609717
30.453151
28.573519
30.888497
34.819862
30.763701
33.926869
33.379487
28.912899
30.928037
26.223460
25.721910
29.485085
26.221688
29.414675
32.378364
30.393789
27.785043
30.515501
27.146747
35.623546
34.108966
28.131522
26.595700
27.437796
34.514866
31.884497
30.838236
30.386709
35.835719
29.894449
25.887252
26.492357
28.132050
29.183633
31.002892
28.380431
33.062388
31.054514
34.004669
28.711573
30.835733
32.865775
28.422643
27.806039
34.023793
28.311282
28.045724
30.471167
30.204673
32.493846
33.857739
29.313676
24.164487
32.510962
29.699278
28.363599
31.685765
28.314515
31.678449
31.710571
24.538457
27.368366
33.151913
34.095018
28.481048
27.965263
28.980463
26.527569
26.623950
26.691488
27.694887
27.263057
26.911181
33.048472
28.760895
29.576376
32.667138
29.899459
27.053192
33.707762
27.665979
33.719528
26.190214
28.931147
32.666986
32.571523
29.682842
33.948943
34.188668
24.984853
30.863315
27.331667
27.814168
29.142282
27.542402
32.678425
28.070001
31.574724
30.630400
26.715228
30.994907
32.084744
30.909893
28.197731
30.690645
33.097072
28.420317
28.313022
31.552218
27.888223
31.782048
26.785130
30.888200
33.991397
35.060249
30.663856
27.785597
32.650701
25.616201
28.968082
30.689731
33.012181
26.245718
33.661314
32.085360
26.765526
30.927680
31.714707
27.794174
26.989309
30.412706
25.596376
32.352708
31.179017
28.972759
31.906085
29.931139
22.465838
32.377060
27.930052
28.980809
31.595209
30.742442
27.589593
30.400776
36.143885
31.721844
23.524808
32.766664
29.111156
32.147558
28.577266
31.855682
28.342439
29.664487
30.386484
27.718429
33.195839
24.315919
29.015904
28.910713
30.622405
33.798592
34.255657
32.544159
31.809972
23.502266
29.572676
29.813094
30.228420
29.730072
33.444839
26.888869
33.439577
30.295000
30.324395
27.162704
31.848548
35.482104
28.784296
33.399343
25.351615
32.337536
30.450641
32.098876
28.287644
31.008620
28.946750
27.663048
30.602762
27.155776
26.566329
28.549022
28.765122
33.641482
31.332252
31.961884
32.284817
29.430739
31.473311
29.402878
26.166777
30.612508
31.847408
32.396458
26.665582
32.371622
32.687218
25.711069
32.521876
31.064337
32.086577
31.862395
30.440588
27.711607
29.125817
33.251282
28.809068
26.525374
27.655715
30.371306
27.327734
30.618978
33.152377
28.818944
29.102323
26.704999
27.773901
33.418421
31.990883
28.202720
25.798513
32.554063
31.011854
30.359702
28.102900
27.932561
29.117193
32.982990
30.978110
28.108274
29.292892
31.441121
27.390908
30.870286
32.618412
27.717327
34.089943
28.608813
27.191299
29.496329
29.654576
30.516085
28.836285
25.359905
27.103438
28.145637
32.535863
29.808184
31.375168
28.917132
30.895121
32.546035
27.920904
33.095202
30.746049
29.816058
27.801336
30.059334
31.961543
24.101453
32.205744
30.725885
30.437378
23.490189
28.151851
25.554821
31.775271
32.960048
33.038526
28.115227
34.259345
32.541747
29.289394
31.483487
28.907785
30.084683
28.401011
30.285172
34.549504
35.181674
32.348087
21.629719
28.425808
30.790066
32.283779
34.674559
27.043956
27.262102
29.588152
31.210812
30.142428
32.901638
31.719300
27.975751
29.666569
29.848993
29.885405
32.950851
33.024290
25.142244
25.550331
26.027108
28.931094
28.755036
31.351212
29.778677
36.382215
30.913558
31.273913
30.879914
32.364302
28.668857
31.465187
30.705500
31.735080
24.949969
32.459175
27.246297
26.916835
29.500069
30.248779
27.033083
29.567814
30.846096
35.108150
30.270397
28.902840
35.038860
25.337988
25.667435
26.976919
30.322613
32.897591
29.768800
23.949542
26.836782
28.210709
27.827175
30.046385
31.581914
30.450551
35.744202
30.072481
31.121196
32.255805
32.645385
30.092101
31.079587
32.162068
23.094734
28.966770
28.870935
29.916353
36.089885
33.252755
28.796383
31.890876
28.537547
34.345714
35.152771
30.105795
35.229269
34.600874
28.533627
28.706781
28.921582
31.751817
32.465953
33.143241
24.397371
26.059480
30.155251
28.403511
29.018586
29.888920
27.645741
33.172140
30.661452
34.322812
28.911645
28.374670
33.505736
30.661730
33.234851
29.919936
28.192740
34.753791
31.211904
34.859571
31.444394
33.607493
26.345963
32.272085
28.062038
35.085671
29.503831
31.704475
27.371457
27.905251
27.878144
31.007596
35.316012
33.875925
31.297901
30.941325
29.386739
29.355501
32.682935
29.970240
27.001427
32.630966
28.585808
30.598577
27.646451
32.483319
27.782860
28.658961
31.209193
29.888983
34.244179
34.757442
31.410147
33.511011
29.238007
29.620588
30.466792
34.516607
30.374738
33.039054
32.173640
32.220330
33.049841
30.010085
29.080633
32.995529
28.839993
30.144558
33.670669
33.939920
29.806336
30.560902
30.928254
32.713110
25.216428
30.988716
31.954022
30.996517
27.681575
30.177089
32.276617
33.149181
25.290077
28.435829
31.993204
33.198400
35.818246
29.906675
30.341750
27.688152
31.565109
32.781006
29.032920
31.378969
28.803287
30.696038
29.042926
28.038379
32.307932
26.941737
33.388588
27.894316
33.664021
31.020830
30.754613
32.383860
29.195238
28.682749
27.941534
33.878086
34.283329
28.958947
32.235818
32.462808
28.289892
31.106746
33.917861
32.689763
33.044322
31.919118
27.791851
30.189709
29.688059
27.000736
32.653753
32.053367
31.563108
29.696408
30.280193
32.525640
33.389795
31.392966
30.504320
31.692681
30.228920
32.650078
32.055068
32.662512
26.798688
29.718976
26.403864
29.215485
28.421288
34.176294
34.069799
33.013509
31.176422
25.118812
32.584277
33.285230
27.724113
29.370522
28.402640
32.260864
32.564620
30.205119
27.558111
28.756565
31.277915
29.211113
34.643382
29.290888
29.105870
33.946269
33.055641
33.527979
29.226648
27.772697
29.452988
35.359084
30.113758
29.003529
34.393902
29.819829
34.145342
30.883411
33.087344
32.631830
30.897234
28.279631
26.567291
33.567016
30.197473
27.394131
30.581440
32.001066
30.771940
28.086764
33.264040
28.437465
35.884193
29.366792
31.609390
29.597349
33.308612
30.547085
32.409640
32.411797
30.256639
33.583233
30.564049
31.913846
29.983669
25.304736
32.512123
29.370131
33.833927
31.388595
29.548590
28.892802
31.336280
32.169348
32.135582
31.064012
29.685749
34.323185
21.351904
29.206235
28.257767
32.487967
29.423043
26.890306
29.145366
31.454277
32.557301
32.270194
31.693800
32.209765
27.770439
34.316671
31.948525
26.758765
32.753782
29.192357
31.673914
30.362084
35.463206
34.670629
29.663526
29.502735
30.261909
27.446082
33.095367
33.408761
25.312365
31.086858
31.623364
27.210086
32.840929
27.147652
28.691536
32.253492
34.811711
31.126978
27.672978
31.644922
31.095664
34.863817
29.970038
35.659332
25.862597
32.082922
33.393999
31.927341
29.808862
32.414187
33.876600
28.803459
31.710193
28.710526
28.476911
34.198213
31.055604
27.048439
29.433404
30.624109
33.936968
28.859414
30.687285
29.202558
34.138236
33.401869
28.733975
29.711701
26.896311
32.347708
30.435784
32.700721
32.814787
31.323193
25.143626
32.433493
30.269571
34.697037
28.738624
33.644439
28.943311
28.982112
25.976980
25.565982
25.921425
25.505038
32.217210
35.391754
28.157427
30.023740
29.489154
31.194864
30.157921
30.179420
27.254945
31.227859
29.821367
31.959073
25.532344
28.606710
31.158843
24.792591
30.311784
24.741092
24.306609
33.193203
25.775632
32.419986
30.116511
30.209740
32.979630
30.781965
26.413032
32.978927
23.640574
28.005659
33.628469
33.306038
31.148868
31.949374
28.523344
24.595234
33.375570
33.386978
28.770090
31.794778
29.695984
29.467562
33.527972
30.986021
34.109660
32.175251
30.495952
28.300658
26.486308
25.201202
27.902955
32.701391
28.609352
32.516141
30.000672
26.047748
28.313205
28.581444
30.040352
34.372204
28.375835
33.056791
35.544454
29.961479
33.903435
28.454362
35.451749
30.172266
30.852171
31.886630
26.685858
29.756245
28.000245
29.277124
26.327103
34.166136
34.193865
29.508670
25.815685
32.158275
29.675953
29.563973
29.662087
30.209178
28.702494
30.013845
30.866148
32.363460
32.467659
28.486557
26.351553
29.903192
31.869641
30.813605
27.925870
29.256615
29.436469
30.740522
31.788924
31.306839
25.414071
29.002953
27.176362
31.817466
27.787368
28.232956
28.641050
32.272115
30.967348
29.685244
29.420146
33.675237
25.629976
30.588284
26.483213
28.074962
27.882138
26.342081
29.563435
29.242845
25.522223
28.227784
22.348682
25.340256
26.565296
28.625544
30.383214
31.668911
28.011100
30.075375
30.762624
30.271887
32.316133
33.234633
27.611321
31.183934
30.541538
30.563649
28.452498
28.000300
35.100023
34.038950
26.587040
29.775833
28.879156
33.381759
33.351252
31.250355
30.967351
29.966768
30.263696
29.385847
28.134314
25.551015
30.049887
33.657613
29.243134
30.729636
26.945206
29.841492
29.457244
31.111431
27.481293
29.232452
26.750695
30.451728
30.318635
30.268942
26.327293
30.614735
27.571419
27.946312
33.643851
31.485478
33.868165
28.173911
31.612055
34.190777
28.496602
31.605388
27.649371
27.171675
33.667704
31.566539
29.711636
32.500011
33.339302
34.788185
29.422631
32.030729
32.158676
32.395815
33.386495
33.424049
30.384468
28.949586
28.855243
29.104461
24.876529
29.342023
28.408171
28.062397
22.964575
31.673300
28.291989
33.569164
31.948198
33.245255
29.696496
30.187204
30.330390
29.181283
29.107832
29.987591
28.804758
28.231313
28.031979
27.911303
26.168774
28.618217
26.796786
31.600953
29.206681
31.004110
25.351196
28.964453
27.884643
35.941966
30.929779
29.167598
20.214954
25.956265
26.840803
28.536779
25.195217
31.711845
31.190067
29.591926
31.608286
31.010087
21.043335
29.538668
26.346651
31.377788
29.649754
30.988734
34.461274
29.852358
29.740976
28.472902
29.412101
27.816870
26.231212
31.157150
34.738817
30.109063
30.816586
29.804289
33.691819
32.875710
29.549012
29.010830
28.895766
30.211724
32.779330
28.854752
30.461989
30.288290
32.035884
31.235170
33.773828
29.195004
32.909024
25.365755
24.346622
24.651199
25.287327
29.590512
33.134209
31.038704
29.967865
30.661151
35.192953
25.264612
30.704455
28.704308
27.012085
33.523889
33.541430
32.299294
22.890961
26.139184
33.854876
27.486681
33.209671
25.916651
29.986326
35.050268
31.553242
32.896983
32.927551
32.123076
30.011476
28.478798
35.302400
32.826377
31.095865
32.837228
29.389799
33.615226
31.419420
29.294477
34.923353
28.600376
30.867117
25.207659
30.597434
27.315348
32.203140
31.826858
29.403626
30.495088
30.305334
31.572632
30.016374
30.384606
30.982045
32.065436
28.508961
28.375708
30.819548
30.848938
31.421097
32.530059
29.554291
32.126689
35.047422
30.340890
28.400570
30.102410
26.595000
33.942615
32.720276
31.367875
27.994429
34.717303
28.799998
30.248282
32.228707
28.347040
29.074219
31.774745
30.565796
28.880332
27.794052
23.131833
34.390425
32.626638
31.440952
32.318966
34.062501
32.775590
30.496163
29.150167
30.189383
34.815152
28.110368
32.265560
34.636263
33.286721
30.057272
30.809147
27.240766
26.181353
32.283618
31.708533
31.166781
29.227035
28.860223
28.375240
30.077473
30.954200
25.985177
30.590514
30.131497
29.725719
26.994691
30.442025
31.235877
30.149844
28.317537
29.163890
28.599641
31.469704
29.805715
31.774829
31.704949
31.665814
29.378631
33.492137
29.891839
32.266666
32.164445
31.036064
33.559817
28.498679
32.441575
32.197987
30.937439
25.034171
31.807031
33.184309
29.672232
32.407030
31.668626
29.124854
31.300874
30.227216
30.113708
28.594619
31.080192
27.124592
32.205146
31.757576
31.556833
26.866715
32.322021
28.122774
30.986527
33.385486
27.044855
29.856550
30.625420
28.375671
34.542400
28.846121
26.181650
31.143011
30.382966
30.677972
30.564473
30.757961
31.874251
31.947868
29.979575
29.391357
24.369487
34.964067
33.253141
29.329935
29.805982
29.270418
30.934513
33.197036
34.713116
29.856625
30.887410
29.971783
25.659692
31.216926
28.194359
32.160836
31.738503
31.656512
24.640387
30.468507
32.040334
31.267883
31.835860
27.737519
30.540236
33.793200
32.422163
32.134682
31.289656
30.064440
32.837726
33.462063
32.754373
33.397992
29.538702
26.512662
28.231085
32.418065
30.545868
24.948895
29.316917
31.886006
26.013378
32.525251
27.904768
32.405873
27.125059
31.199091
27.442567
28.489704
29.557835
29.322752
26.780672
31.291914
27.533556
33.985550
24.902530
32.566623
27.164555
32.016113
27.220343
29.152887
32.683045
29.659368
27.974311
32.355331
33.052663
28.725095
32.701947
27.453690
31.735811
27.228944
27.884915
31.639461
30.075449
34.914425
35.249610
34.366517
31.330512
23.579325
32.200243
30.138289
29.286090
33.406567
31.898718
29.758753
30.789787
27.743576
32.219542
36.270297
27.838116
30.066938
33.803506
34.635575
31.531279
26.825860
28.132736
36.022026
30.866688
31.675931
26.460245
30.678237
28.071370
32.711099
28.810128
26.849734
32.928563
29.731348
32.132072
32.016069
31.327844
31.753457
25.716962
33.035478
29.511214
32.681351
32.215937
30.677917
29.790927
31.524054
29.405239
30.853992
27.347107
28.147284
30.438836
30.037730
28.253024
31.145148
29.455445
33.008506
32.840757
26.219834
31.975621
28.757405
31.043983
30.590333
29.665171
25.407420
28.514220
26.946232
28.156551
32.157617
22.695365
34.872180
28.698768
32.789020
27.742175
31.612447
29.790537
31.635916
26.857307
31.120655
29.211547
28.425872
28.672408
29.924418
30.968185
27.133791
31.522159
30.000707
28.276989
29.954855
30.709839
28.959562
31.653782
26.781856
25.801546
32.301674
28.739458
31.365095
28.380171
30.058114
26.084383
31.729192
34.568299
28.953633
28.465417
33.794785
33.170276
29.174846
30.628862
30.612388
30.154571
24.724686
31.285979
30.907399
30.367210
34.149470
36.293816
28.001377
29.562029
33.664846
31.140319
28.847421
31.735099
33.273372
27.639954
30.924429
32.563497
25.736089
30.174588
27.453585
31.108079
28.511622
32.971397
32.896317
31.140223
27.965794
28.902070
27.629407
31.888585
27.929948
30.847278
29.688564
32.252525
29.777302
28.352864
28.751049
27.984396
31.599998
28.339332
25.152882
30.250958
35.418599
29.392510
30.937988
33.402317
30.490833
33.447260
35.672887
29.241588
30.263602
33.352455
33.213404
26.512746
32.746786
32.047794
32.554698
30.237405
30.756356
27.292191
24.984698
32.437836
32.860531
33.350945
32.503235
28.355458
26.819847
31.054757
34.084660
32.083542
27.756606
28.600271
28.481756
28.166562
32.410881
24.368209
30.395249
28.298509
28.933425
35.038247
31.630256
26.090293
24.914804
28.351776
36.187279
27.172665
29.236527
27.869104
27.285411
31.395209
28.782980
27.155319
27.884183
28.593801
33.855526
31.995575
25.307422
32.162886
25.455972
32.514244
27.292877
28.371611
28.595516
28.172215
31.096762
25.043560
21.509199
29.622057
34.882881
27.863699
25.417505
29.094846
24.503676
33.924622
26.380847
31.525971
33.243835
32.818532
25.071187
32.105723
34.117740
32.898492
28.948595
25.076587
28.401370
32.444328
31.104738
32.133528
29.639650
27.660109
27.899206
25.619431
28.659775
33.002423
28.842299
25.835018
29.099542
33.470196
25.495995
30.350185
25.665979
30.986715
34.987107
32.575358
30.015167
29.739609
32.651204
33.592043
30.265847
29.625167
27.171010
28.669399
32.896406
31.933955
28.294445
29.713287
34.648267
33.216953
31.863666
32.434998
32.834489
29.421502
24.691004
32.872024
30.406401
27.130366
28.822665
25.348387
34.582737
32.768780
32.677085
31.406219
29.819687
32.151650
31.110502
35.340665
29.808658
31.084717
32.677746
28.084046
32.537085
34.355674
29.303392
31.913594
31.430826
28.117517
26.085611
31.120412
29.221404
32.576105
33.975980
29.942901
27.610388
28.691872
32.505327
34.788707
29.935911
35.718973
29.030749
34.215351
27.181204
31.747936
33.936183
27.344116
30.105061
33.017488
34.451057
25.770944
32.168930
32.514402
35.053703
28.707045
29.118786
28.704580
26.567973
32.133100
26.171024
31.128530
31.550437
32.767482
34.961043
31.906629
32.898373
29.624900
35.396875
27.007497
29.602433
29.841982
27.437951
26.954550
28.404101
32.149566
33.276758
35.434222
32.026030
26.900166
26.576683
25.103258
28.867934
30.130587
28.137666
31.608730
31.446229
25.425333
29.543057
35.014140
31.430842
33.361346
28.861107
32.260433
31.680652
27.656098
33.813771
31.298235
32.900781
26.620049
27.248895
27.956925
29.974569
28.643906
31.633706
28.419934
31.069317
25.380496
28.791169
30.022438
30.015155
23.603734
31.212008
26.881081
27.440208
30.355606
30.267893
30.667263
27.786870
25.572640
31.933123
29.308736
29.489886
30.739755
30.472609
29.520495
28.870260
31.552529
34.298056
28.388059
33.376069
27.900412
30.258297
31.805861
31.803701
29.833003
27.218270
27.657458
34.926297
28.440358
27.299522
30.967692
30.733931
25.050683
32.903570
30.570003
29.296341
31.610172
27.901400
31.827230
28.933300
34.350978
26.756571
32.081493
29.082087
28.586384
28.823486
33.178195
28.255735
26.620014
27.069087
24.322809
30.926722
30.078775
35.560764
29.452719
30.446566
27.625059
30.491433
28.507296
29.298248
30.507439
35.271283
29.292408
36.290698
33.903253
28.223689
31.166829
28.982977
25.821081
33.072630
28.634943
31.913368
31.016801
27.902220
29.543162
30.104567
25.571286
26.374609
30.206216
31.108637
30.661375
31.683029
28.269188
28.606414
33.260923
27.469443
31.009420
31.483478
31.604889
28.558015
29.736481
28.513478
27.935336
28.624564
30.551339
30.762283
34.507119
31.225763
33.225230
32.852773
30.494890
30.118672
26.072804
31.578854
29.779341
26.665802
33.392715
33.947859
30.159990
32.515010
32.129073
29.376642
32.644643
30.854009
30.122925
32.934760
28.807485
29.657328
27.935777
31.443555
30.906597
30.474062
28.020591
31.047701
29.441683
27.989850
30.877671
25.634064
27.986911
31.184113
28.331031
29.690360
31.307289
32.559891
32.240162
34.328294
30.602799
32.891098
24.431603
29.868363
27.850887
27.396623
29.106495
27.930918
32.408698
34.396146
27.339380
30.016591
34.182724
31.219563
30.303373
27.505741
26.684359
29.939486
29.100357
27.706983
30.663446
31.373116
30.272472
26.145346
32.026768
30.530067
31.422304
28.408490
33.399011
31.640343
30.101622
31.387464
32.443953
32.496992
29.361580
27.423538
29.209840
28.087071
28.224839
31.159613
31.223547
29.504058
34.369934
27.392738
30.263963
31.716525
30.860371
31.231954
28.419512
25.005907
26.666739
29.323595
31.324834
30.606309
32.695055
30.193775
28.938964
27.926016
30.259254
35.888850
33.843388
33.586780
29.958513
33.030607
31.384219
31.337920
29.853624
26.894320
28.373456
34.049500
32.378804
30.846272
31.222849
27.901235
28.701317
32.445453
33.552008
22.172263
27.058271
29.202491
31.199000
28.165687
29.599226
31.411123
30.721758
31.448934
29.268664
28.210813
27.031758
31.567493
30.776115
30.036184
28.714437
30.268436
29.141387
34.403326
30.059793
28.756038
30.685724
24.110223
23.553439
33.042030
28.861696
28.883929
28.487014
30.380928
27.561743
32.006606
26.041370
29.921203
32.340188
27.790355
31.631196
25.721069
27.595228
25.626305
31.167567
31.601213
26.654922
30.545898
29.945656
32.475935
29.688149
29.736745
28.866103
29.257814
29.280224
30.472500
32.501249
31.730670
30.395012
29.560033
30.995411
27.150510
33.033293
30.813243
32.132188
29.908242
31.934247
29.749920
31.623906
32.874558
30.633701
28.170512
31.201936
30.237044
32.359503
30.760121
31.654706
31.819399
33.536436
32.232394
26.256273
29.848747
32.111262
34.380126
30.409221
31.976585
27.567647
31.657393
26.806930
29.798021
33.295008
29.184326
30.801116
27.399050
32.370047
29.530677
32.591696
29.706283
31.508932
24.224688
29.377079
30.109135
32.827822
33.259694
30.404862
30.501472
31.730800
33.514931
28.129469
33.910096
33.113512
30.736162
31.351588
29.523933
26.959026
33.114385
26.488473
26.841697
26.467045
25.700247
24.637503
33.428593
30.365227
29.864440
35.583465
30.224545
30.959165
28.415667
29.828815
31.413880
30.683129
35.159142
32.896589
32.401389
31.685663
30.534302
31.669702
26.105935
27.917296
33.111364
30.762178
33.604257
32.816957
22.721272
31.504104
27.084924
29.903464
32.654490
30.100505
34.029863
34.003562
28.441149
28.410295
30.571840
31.774782
33.616465
31.421728
26.817359
32.958054
29.459883
22.493151
30.941657
32.451867
31.075992
31.219104
31.817945
30.128893
29.963941
31.585315
31.506993
31.729129
29.915867
30.505161
31.145908
28.006829
30.019007
26.278281
32.289461
26.912937
27.045651
31.378728
27.762727
27.729737
29.231662
33.442658
25.051251
34.225609
32.082157
28.181147
32.355896
28.366617
34.742793
33.888039
34.046627
30.586185
30.574993
31.410750
28.514101
31.738802
33.355115
30.933032
31.700098
27.089610
30.540537
29.425839
29.029329
35.205937
32.434628
30.512886
26.354192
33.027704
23.252851
31.138541
29.653825
29.305243
29.577650
27.656733
32.328054
33.593488
32.187231
35.473334
28.393173
29.535446
30.766148
29.686723
27.932341
33.269143
31.292639
32.850859
22.771119
27.645145
25.607431
33.604465
32.193831
29.200758
31.911408
29.549970
30.286857
31.520487
32.820008
27.036544
28.004777
31.632203
28.696292
32.693514
31.476882
31.214759
31.580853
29.571980
29.076511
29.394319
25.735762
33.807231
28.678286
30.543964
29.530677
29.234817
28.644669
31.266623
34.786414
27.741787
30.027972
33.013149
30.676166
33.717557
29.223345
31.846466
28.834623
31.395232
28.374002
29.911073
29.888718
28.527079
33.893911
33.789959
27.751275
27.929631
31.099088
28.614335
31.528550
30.267930
29.632360
34.290515
34.036905
25.215814
31.303904
32.249716
31.447698
33.532751
30.818296
35.037311
32.424467
31.048842
31.189501
30.517915
25.510168
24.963879
33.831772
32.753726
32.646643
33.285200
32.034787
27.439467
30.677379
32.409600
28.525617
29.532230
29.031831
35.501189
31.514115
28.899123
31.004085
30.603445
36.049470
30.258000
28.630889
31.790288
28.808468
29.943522
27.995990
29.827962
26.956753
28.558740
28.557608
28.859418
31.421464
29.712676
31.104047
31.190743
29.707814
30.092593
29.435735
28.922403
34.834779
32.906984
23.708826
31.140701
27.141733
32.951213
26.911250
32.256300
26.001199
29.162283
28.239252
27.164701
31.907895
32.042739
30.608878
34.385048
32.885230
32.350116
24.823242
30.698901
29.752378
33.211785
28.663726
30.413461
25.119956
25.588091
31.660627
30.501767
29.549547
27.871366
28.630243
27.517641
34.172679
30.963781
27.576590
30.409681
29.949562
27.693720
29.720835
32.906386
26.886577
29.906382
27.498639
31.737924
30.491775
34.749723
31.599649
28.785645
32.098851
31.712466
34.915119
29.830084
29.981641
32.713033
30.004828
32.026442
27.321213
28.340583
30.509844
29.016034
28.324006
32.075650
31.500044
29.741144
28.199043
30.151965
30.180651
27.920715
29.367211
26.669104
24.318349
30.043578
26.506791
29.246270
31.982245
29.328202
33.707714
31.566223
23.794306
36.703787
29.531230
31.660863
30.519560
30.374004
29.309702
32.631840
31.933991
25.938414
28.632370
31.522254
30.935725
29.641017
32.738480
27.308098
32.898643
32.319172
27.228037
30.044259
36.025066
29.142471
31.180934
30.949513
26.465885
31.041126
28.724494
30.416188
28.332759
24.129888
31.773818
29.481648
32.363775
29.506558
27.468808
30.357633
33.365297
30.555959
27.793966
31.290153
31.380022
31.346662
25.652786
32.788204
32.508195
32.007243
28.949445
28.543875
29.905586
30.248913
29.495496
25.896946
28.194696
32.983272
32.578372
30.536592
31.385442
30.517179
34.739635
28.496954
30.663018
29.202383
31.117957
24.870536
29.550456
28.499084
32.384400
30.600388
32.092888
29.719014
31.590208
31.047872
29.472221
33.840931
30.229900
31.379252
29.024575
28.530191
26.411443
31.923036
27.919682
34.338158
31.316540
28.468474
26.681369
25.300612
32.733288
32.418313
28.955627
32.475365
29.682735
33.302579
32.326380
36.204338
31.374891
31.394539
33.863722
30.170732
29.837423
33.559919
33.991789
29.605828
27.926405
32.935647
27.445249
31.446642
29.834181
28.794834
30.612938
29.030203
32.940302
31.056078
32.596844
27.875955
26.529916
33.467202
29.610769
31.893447
30.788600
25.960949
32.349084
32.303439
31.453138
29.583687
32.508269
32.125380
34.916378
29.948244
30.509084
25.510296
33.526734
29.304700
29.239259
30.632846
28.760910
30.630746
29.676937
29.207037
29.353829
28.059131
28.488076
32.371399
28.881193
29.369692
28.782188
25.777495
22.088181
30.768258
32.546254
34.941575
32.248451
31.318112
29.696717
32.537299
32.904117
28.607790
31.235384
31.650897
30.654322
31.785541
32.022189
26.492141
29.324194
30.113953
29.009233
33.101042
29.120774
26.067265
33.118458
30.526175
26.000782
31.259082
29.893266
27.063865
31.313898
30.601751
30.402335
30.107090
32.098528
28.495821
28.972508
30.142706
28.491948
30.129031
31.850581
30.603486
31.090368
32.083320
30.899669
32.880082
31.567809
29.637298
33.480298
30.778579
31.368055
33.403847
33.580138
26.340411
31.075668
33.811085
32.123930
31.438449
28.912353
30.422203
32.040102
33.204490
30.830234
33.214384
29.581945
33.581040
29.764344
30.138045
31.675909
31.160944
35.169265
27.988172
31.445177
33.071137
30.429139
28.509508
28.999945
32.247941
24.520776
30.652515
32.149986
30.072603
29.797627
31.587928
31.065314
28.166790
31.855635
32.501891
27.291062
30.838245
30.382349
30.366759
32.026386
28.620742
27.490980
30.086615
29.343981
28.753162
30.329544
33.138790
28.986013
30.473024
31.903061
25.930468
30.979423
27.818082
33.423598
28.838124
28.846237
27.545018
31.942912
33.867201
34.409610
25.916721
35.711121
33.044158
29.695580
26.228920
27.948926
25.014861
26.661552
25.078147
30.802080
33.013005
29.216933
29.483044
27.195172
28.081999
33.172734
33.594993
28.842130
30.513608
29.022574
34.832151
33.597277
28.764143
33.079465
33.112304
33.370551
26.881654
29.189704
28.197056
35.655048
31.705080
31.457582
28.710474
30.024859
27.589833
26.759143
29.712564
31.284465
27.962729
30.233872
32.776351
35.014156
31.361010
32.507993
33.249191
31.221679
34.718976
30.180022
31.732748
25.822200
27.374544
29.227614
29.353057
28.685358
30.318155
31.104310
30.470185
30.007296
27.475701
34.287623
30.374913
27.262202
29.544114
32.695794
33.194008
33.085733
28.376399
34.790837
31.698254
31.086026
27.103705
26.544456
31.761463
32.830441
33.258370
30.179043
31.744128
29.406042
25.967030
26.904514
30.690176
27.818233
32.106324
30.731257
30.667326
29.232424
29.174143
34.205539
34.504116
31.028671
31.957629
32.451099
30.954158
27.039291
35.052555
33.619687
30.062446
31.761511
32.213578
31.943261
29.066333
34.532243
22.622893
32.053306
28.500157
32.675219
30.199583
29.196717
31.535126
28.384465
31.070928
33.011468
26.908534
34.786401
29.840636
30.738658
33.114770
26.426107
33.633175
31.042062
29.484725
31.389295
28.912259
29.273318
28.259555
25.608017
27.818595
29.968416
31.516769
30.157746
30.638251
27.694212
29.051406
24.377314
33.566978
29.226504
25.899942
25.336550
30.676950
32.565019
31.769498
28.564864
29.742669
30.722227
28.131923
28.575735
26.853529
27.508193
25.940150
31.313391
27.305236
29.477587
31.365103
27.582544
30.226982
29.170966
29.045767
28.465929
28.606159
31.557567
32.194937
32.316972
26.374629
30.505189
31.760710
28.510412
26.662262
32.108495
27.961640
31.474501
34.768866
33.379578
27.324706
34.480976
32.820770
31.009556
31.265550
29.546496
29.366467
32.894707
29.621001
31.867475
33.822607
30.421585
25.501205
28.498650
31.561110
31.017578
31.607320
33.688376
25.303919
31.596507
32.429736
31.400878
31.730046
30.988476
28.940288
34.566704
34.896253
34.263407
31.568096
32.595563
23.491711
25.387906
27.475517
29.565781
33.041292
30.413086
24.567350
22.574034
31.483462
34.311232
32.475656
28.601636
30.260958
30.000901
27.864251
27.949276
31.141940
24.067235
34.041663
27.431770
32.396374
32.097154
27.556518
35.397064
27.891586
31.513081
31.662083
29.578054
30.151252
30.306110
27.571135
33.940197
29.223072
29.390360
28.622175
29.266467
34.699570
30.095398
28.494369
33.195034
31.188816
28.085263
31.890330
26.729679
31.185039
28.469435
32.102377
27.508054
29.437138
33.343034
29.210548
30.960061
32.467795
27.125912
30.884862
30.962735
28.256618
28.561823
25.189627
29.011999
30.300199
26.508499
25.157352
32.554203
33.296571
30.099622
32.092950
29.576357
27.739482
32.768727
27.030177
27.627691
32.462434
23.856414
32.043849
32.223843
33.536642
29.989957
30.606408
27.810178
32.752276
34.062257
28.303465
28.879678
28.349658
31.421485
31.015388
30.251318
28.910446
33.340411
31.472642
30.559560
32.474807
25.221419
34.337189
35.110712
33.690476
29.326435
30.831131
32.420992
26.357943
28.124005
30.369094
32.394183
26.261891
24.942534
26.790486
29.882971
30.670252
27.806619
27.245875
30.566816
27.627997
31.146245
26.891947
31.954042
28.552778
33.268801
30.805646
30.186232
35.022398
25.937763
30.998566
35.185834
26.781825
27.294848
32.314044
31.618750
31.561598
29.901667
29.848889
32.931776
26.701962
29.948559
34.114876
31.345641
28.652837
30.520934
29.409450
30.250750
30.561533
25.140144
30.031701
31.584166
34.961598
30.121671
26.624516
31.459333
30.233229
30.263873
33.216409
28.314982
29.467834
28.827827
27.206683
35.994389
32.377836
31.553406
32.798423
32.516431
30.427079
28.540329
32.228090
27.524642
26.281193
34.107479
32.204836
26.549089
34.687527
29.706042
29.625203
24.465486
32.222972
33.781597
27.671331
28.713574
35.397155
19.609717
31.760995
26.161195
34.371587
31.322374
33.232511
29.466896
27.250942
30.873391
34.372261
32.283069
33.376921
31.159587
36.064795
26.839894
29.449930
28.808351
29.366697
35.184725
32.502638
33.603366
32.261705
30.558397
30.734490
32.289886
31.690891
32.743595
31.489909
34.166545
29.401131
32.842810
33.618803
34.786533
33.269248
30.000036
25.628925
28.520979
30.277881
33.792475
33.561024
27.407399
25.712496
28.146697
29.813174
34.015992
31.035546
32.313151
35.145525
32.381321
32.200201
29.427364
30.912017
29.253757
21.966028
28.775079
28.824493
29.759284
27.366856
28.000883
32.830376
27.065307
29.326275
29.753321
29.152228
29.679811
30.769953
31.853446
32.405828
26.393604
31.946511
30.518231
33.481454
29.478838
32.333159
30.737017
30.563617
22.618469
29.487150
30.971594
32.909910
24.684862
29.694806
31.933311
28.514491
30.966993
27.630844
33.294330
32.350238
27.457535
30.950001
33.243353
27.669962
31.536808
29.121923
28.741667
26.330149
32.027548
27.555229
32.409106
33.932722
33.692786
33.280794
31.207672
33.289523
32.331242
27.926364
27.041232
30.847982
27.774025
32.226269
30.966895
31.551226
30.411793
34.666313
32.813768
27.969469
29.281154
35.802457
30.670616
23.286878
30.601432
31.558996
32.306055
30.559766
31.485581
30.503843
32.910273
32.647862
29.625385
28.044223
22.904792
33.292064
31.931397
34.987115
31.935551
31.210469
27.932673
21.963343
26.508406
29.001263
29.875915
33.408517
29.809494
32.850804
33.622990
26.198300
30.965227
33.201663
32.040436
28.141649
31.406446
26.689343
24.951268
29.130564
27.117639
28.591289
28.193466
27.783905
29.387444
34.595888
30.970636
27.722764
29.591983
30.203333
31.604557
28.227968
27.093600
32.271373
30.842427
30.406029
33.789858
28.690312
26.993387
35.324054
29.803118
31.851634
28.434144
32.438465
30.494317
30.982079
28.220436
33.208309
26.206331
32.069157
31.058433
28.354753
31.703057
33.430050
28.491819
27.509912
29.346630
32.437185
27.551802
31.056204
31.040568
24.704354
27.057800
30.550556
31.858272
30.618401
30.156893
31.799586
32.401905
32.548200
32.098479
38.130507
31.913418
32.251282
29.924134
34.044490
32.324776
31.663054
31.700664
29.811355
30.719809
26.873927
32.817249
32.400328
27.561235
32.019005
30.732851
29.184554
27.477420
31.831382
28.092711
31.053219
28.652211
26.471388
27.306844
33.538225
31.302195
29.993077
26.683050
28.821089
27.853174
31.320771
29.345069
34.710904
29.664047
28.651722
29.373860
29.890510
29.495489
32.392939
32.810399
31.362247
31.267266
30.796077
27.610901
29.838595
31.465660
30.799602
32.781252
29.579517
27.451198
30.492760
30.547959
29.782396
30.210397
30.195892
30.731219
30.318567
30.123897
35.488967
32.244372
33.625658
31.842094
33.826415
28.714623
24.908896
27.202392
30.535447
27.644563
26.340508
33.292951
32.649006
30.902916
34.763656
30.266184
33.544913
31.318867
29.555767
28.768624
31.221240
28.444919
28.951495
31.088924
28.424072
31.001149
28.484025
33.985849
27.835133
31.586487
34.233048
31.984959
30.995176
33.270729
23.642494
35.540418
28.232780
29.985370
28.373454
31.834592
25.467888
27.534024
34.672779
34.886570
29.952325
35.898658
31.555570
33.121795
34.615532
30.940044
30.401345
29.568797
29.008730
34.396172
32.523029
30.377280
31.755804
26.810417
27.783664
30.182242
27.728042
29.644637
31.838055
30.228493
28.168565
30.852418
27.715733
29.907829
26.269068
31.966667
26.436063
29.647648
29.899360
30.981262
31.669571
30.231636
31.367457
31.143862
34.077310
32.976078
29.015014
30.394589
29.170014
29.175454
25.596463
31.512149
32.185810
30.516852
31.339456
31.267002
32.211447
31.229926
25.755176
26.122119
31.131186
29.324183
32.838269
30.105588
30.641874
27.865947
31.076055
29.006715
30.393017
33.034839
33.684580
30.489043
28.197188
31.803808
29.177551
32.278057
35.502884
27.274405
32.471783
31.633408
33.553055
26.972939
29.428120
32.370530
32.123341
34.266328
30.938724
30.499509
31.196390
33.501332
27.473449
24.460619
34.453577
31.353822
28.679880
33.323823
32.312134
33.258414
31.409195
29.747052
29.948262
31.073682
25.111493
31.427068
31.709773
33.108615
35.499238
31.660429
29.905963
30.970945
29.863349
29.088517
28.591226
32.968178
27.318652
31.403223
30.634957
25.711407
32.580393
29.307579
27.401218
30.521946
31.124029
34.447650
29.845526
32.898918
35.162708
26.654493
32.134232
25.105247
27.538411
23.152474
26.685688
34.166204
35.976702
32.113040
28.697456
35.640835
31.227541
32.937185
23.967539
30.528555
30.174732
26.615969
28.298052
28.416802
27.060972
32.791742
30.442635
28.763063
34.879773
26.862029
30.539887
34.482099
33.795854
34.987572
25.088421
30.603896
32.124082
28.081723
30.941195
29.012633
32.623640
27.317749
31.148980
32.944106
30.150764
27.693217
33.236521
33.027752
32.890803
27.801522
24.381781
35.104695
32.610948
28.178844
30.179967
29.008225
26.209728
29.082938
31.073283
34.168659
23.541903
29.234043
33.951773
26.656062
30.900809
34.934440
32.379264
31.707367
25.168323
29.870939
32.366551
29.780423
30.905741
35.911648
31.062139
34.047153
28.744485
32.383746
30.439247
31.235457
27.376579
31.484238
29.277083
29.017262
31.203263
29.233966
32.824411
30.264133
26.525094
33.171028
31.983578
32.825413
29.082686
29.671064
28.820240
29.720640
32.145188
31.260524
31.534323
29.133165
30.639368
27.551823
32.515043
30.453349
34.443528
27.858287
28.411946
29.406577
34.987738
27.370657
28.484061
29.289340
28.034925
29.057426
32.242759
32.880912
31.020859
29.404644
33.355843
31.136522
28.406971
30.468845
26.599125
30.145420
30.770804
23.779736
28.219035
28.096678
28.208269
31.470155
32.274178
32.663380
29.040725
31.690240
30.521269
22.199664
33.095589
30.043050
35.351386
31.323010
34.517136
27.753210
31.247346
31.178852
29.471711
26.145824
29.330608
31.724017
32.103402
31.778056
31.717857
29.535803
27.184704
29.160189
28.265878
31.787233
29.850255
29.976477
29.520432
29.193134
28.635541
27.039211
32.172931
26.916915
33.037766
26.783366
26.987260
31.108907
30.528145
30.574401
31.261422
30.460050
27.553192
27.255452
31.005400
27.389322
34.236013
29.012543
30.147784
30.025189
33.480524
28.248089
31.967449
33.601741
30.306236
31.945274
31.969178
29.778256
29.500256
29.496320
27.851552
30.836955
26.512986
31.538941
29.095352
21.533985
27.705359
31.846578
30.458911
30.013252
33.203342
29.705361
32.574802
26.955294
31.397672
30.943700
26.777251
28.973432
31.124019
32.308269
28.513251
29.583813
29.929109
29.703191
26.360773
29.923829
27.137165
27.230503
29.971385
31.593981
31.936405
31.174013
26.948376
28.817977
31.880460
25.021902
33.453742
32.631667
32.792540
27.928060
31.278229
32.476827
25.470839
28.262407
32.606478
33.123118
31.573815
30.036652
34.376002
33.046378
25.275875
33.552071
33.266310
30.483603
31.209656
29.811119
34.330333
29.503849
27.844825
31.947633
28.979330
29.966027
22.425325
27.465020
29.485868
28.721984
29.363824
30.194563
28.371900
29.239416
30.999885
29.528779
32.341164
31.007792
26.314274
32.481562
30.107423
27.802736
25.788760
29.610081
29.829706
30.812363
32.244523
28.900367
33.602335
30.826021
27.457741
28.837253
27.853705
28.679925
28.681462
28.924794
30.470446
24.747003
31.829242
29.030045
31.011247
27.492502
32.611086
34.814489
24.917528
28.420070
21.015875
29.465061
27.679475
27.467377
29.728259
28.647219
33.962077
30.202385
29.794187
23.869900
28.582698
28.069740
35.643768
37.077532
27.401869
29.918950
29.130887
29.869558
29.412425
34.649570
30.028308
28.883598
33.253368
33.283058
30.308933
31.384794
29.758772
24.168654
30.007154
32.594483
33.448544
27.674270
29.813993
28.261522
33.857582
30.770726
27.165296
25.815222
24.661032
32.681184
32.187214
25.661031
32.099755
27.592826
27.234624
24.746389
35.133243
30.997925
30.331450
31.960113
31.184502
32.124303
31.163270
33.480467
31.005358
27.525132
27.693705
25.368350
29.170339
27.727862
28.675424
29.395918
29.848837
31.652324
33.720685
30.925239
28.508216
29.429295
33.233495
26.346369
30.619426
28.943069
34.591825
31.661756
27.916414
26.809560
31.337000
29.394791
30.425813
27.067385
32.549413
29.636467
26.173256
29.121792
34.221554
28.239674
33.600182
32.896624
31.329938
35.008624
30.496680
34.664013
25.858603
28.130415
30.742427
29.677837
26.629784
30.385106
28.940994
31.593689
31.805846
31.220082
31.283325
30.636290
31.332485
29.776605
35.013331
27.792330
32.584862
34.974645
29.225483
31.456768
29.321839
33.210922
30.354279
31.077736
31.349257
33.609723
28.959784
33.308791
29.122986
34.352166
30.039999
33.710183
30.575705
25.189311
30.018072
30.900326
34.750553
29.536577
33.035674
28.017880
33.606987
33.373362
30.972694
29.930963
32.103879
28.646720
28.683765
32.046770
25.667185
30.928539
29.650428
34.408749
34.679892
29.418447
35.617422
29.545165
27.368341
29.770818
27.635669
29.288385
31.843695
32.493886
24.867260
29.168782
29.031726
27.339236
33.653613
28.913001
29.527746
32.330427
27.550829
32.319398
33.327874
27.947997
26.232210
29.514793
28.921123
26.700659
29.843613
28.429432
32.781321
30.014991
26.005815
32.333970
32.125167
25.258387
29.857844
27.696802
33.706292
32.855708
25.664784
30.168519
34.478272
26.237459
33.194461
32.674671
28.103189
31.806886
31.136832
29.626615
31.223399
23.366004
32.902802
29.690999
31.815982
30.776420
29.869841
28.405190
35.518921
29.247357
30.793654
27.526505
31.138413
26.128160
27.786370
31.272469
29.201018
28.169289
31.782182
30.032124
32.333414
28.486124
29.766537
34.483884
33.421215
28.803580
29.636082
30.641755
31.675175
29.897012
29.347383
34.958088
31.615411
32.943293
31.674140
28.135728
31.343829
28.658642
30.068935
30.692148
27.008617
30.332884
30.238421
31.027943
28.555783
29.621393
29.878036
26.809959
29.984789
27.533426
26.349032
29.143034
33.288415
30.308046
33.497352
27.538636
26.561622
33.924211
29.348419
32.720960
35.768483
31.657571
29.602690
31.503443
31.165688
34.857605
31.016450
30.203250
33.844412
25.362662
31.544322
31.702849
25.820106
25.115401
29.627858
28.837112
28.354305
35.054889
31.893564
29.125760
32.686341
29.328115
27.776764
29.063287
34.647964
33.710260
34.683006
26.737348
26.537056
31.641391
33.070589
32.066446
29.151384
29.034910
28.489246
28.606876
34.016843
28.067484
34.625884
26.123900
37.153347
32.187301
27.573884
30.373567
30.560360
32.153853
26.070666
36.262372
33.267084
31.658582
27.125054
29.878209
34.534937
30.821462
30.569934
28.124708
26.792293
30.040440
28.074748
29.124363
31.430078
29.852837
32.060757
32.821056
33.251782
31.502701
35.721580
28.012133
31.159925
33.565570
30.021225
30.008003
30.633783
31.230390
25.521021
26.284481
32.549583
29.532223
33.929212
29.914958
25.821595
28.652235
33.481980
28.458542
28.456741
25.233433
29.809717
26.893531
30.809961
30.720589
32.248009
30.863018
31.851376
30.867214
25.384388
25.752118
32.445034
30.354470
35.774054
27.413852
28.903321
29.266651
31.926746
29.572660
27.642515
29.254158
25.607580
30.217121
31.929196
30.351457
27.648855
32.864477
32.996551
33.383103
28.893094
33.040909
30.553353
33.050558
34.248815
29.501431
27.270125
29.201374
31.599944
35.755455
32.181810
32.523783
24.837815
29.473202
28.782269
28.899330
32.400801
26.569929
26.314227
25.724476
33.315643
29.958745
32.624336
28.297118
30.370146
30.335220
35.311168
30.811297
31.702850
26.919662
30.126707
33.032864
31.958841
28.878377
29.700772
32.072507
30.016045
31.400726
27.960913
32.858712
33.729428
33.157751
28.697074
30.340027
29.843301
30.235912
28.419200
30.728819
32.263770
31.622727
34.117163
29.455203
29.143091
26.461760
33.303070
28.854302
29.977699
26.245066
34.103257
33.552418
31.825362
33.687701
29.565574
33.494765
29.164791
30.665468
31.723119
27.664873
32.149447
32.996276
28.309235
31.316511
33.892569
30.440120
34.806986
32.003352
27.000485
31.558921
29.080106
26.547765
31.523996
25.091084
36.161424
28.873739
33.935427
29.888902
27.023374
30.388363
32.495016
29.297258
30.176944
23.635849
32.562285
32.662149
32.822528
32.480750
32.121959
28.998011
28.605242
29.187922
32.960594
29.751196
25.886146
34.159411
32.201552
29.622395
29.065161
30.105043
30.101859
26.194129
30.298637
29.185357
30.900604
24.582484
25.631363
27.288849
32.545189
33.788214
30.023948
28.240330
33.723444
31.319959
30.309114
31.573869
34.223292
26.168297
30.843799
31.808283
28.592912
32.401176
25.959164
27.961282
30.131867
26.384811
28.653076
28.812971
27.882922
27.642175
31.026130
34.760286
29.403046
26.558642
30.317084
32.953697
32.592400
31.621165
29.372091
31.739093
25.973432
26.805678
31.965704
26.599814
28.325582
28.495664
29.711470
30.979805
28.095523
28.999614
26.412961
30.571388
36.223364
30.568754
30.295759
29.327016
33.222905
32.546600
28.859265
28.054360
26.944650
30.294874
31.967344
29.891762
30.128360
33.108004
27.741349
30.610920
32.380793
30.800690
26.991377
30.954735
30.623729
29.263464
27.833364
29.870286
29.471896
33.080972
32.705982
28.981628
30.502401
29.805456
32.038084
33.551937
24.794642
28.600517
31.057047
31.721121
30.039678
28.901544
30.430134
31.491557
31.439597
27.922976
30.841024
31.014686
32.577028
30.047793
24.138694
35.643920
33.414486
33.715064
35.293184
26.759064
31.039284
28.673060
30.391185
29.214632
32.606200
30.588184
30.916089
31.209904
25.270942
31.260754
31.334412
32.658555
31.104176
30.505597
34.218734
31.970576
27.111520
28.951536
29.720264
33.361013
35.263761
26.560147
31.371986
34.221504
30.500485
26.055907
30.169237
31.613460
31.485952
30.584649
32.772888
30.878918
28.506820
32.300258
28.386242
32.569693
29.552836
25.661603
29.222520
30.007259
30.549876
26.616516
25.146235
31.335829
29.786445
25.386506
26.555465
30.412256
34.241329
28.770133
29.814789
33.329939
32.630918
30.069471
32.001459
31.730713
22.596043
35.136777
26.457957
27.874718
30.834557
30.936233
31.231635
30.821012
34.995852
29.346313
26.672158
28.722415
26.654789
30.805812
32.255165
26.072740
30.385525
30.954436
32.108011
24.173722
28.827399
27.463171
33.074032
29.397907
27.817260
30.246483
29.543430
35.604818
32.449434
